Participant_ID	P03	Block Order	1	Date	2023-04-13-1059
Trialnumber	Winpos	Losspos	Side	Order	Choice	RT	Choiceside	Winchosen	LossChosen	TotalMoney	Fixonset	Choiceonset	Monitoronset	Winresonset	Lossresonset	stima	stimb	Blocknum
1	1	1	0	1	0	7.5735249519348145	left	0	0	1.5	0.5688716999998178	1.569146499999988	9.147940299999846	10.153263400000014	11.312727099999847	K	h	1
2	0	1	0	0	0	0.8306165933609009	left	1	0	1.65	12.330126399999699	13.330676099999891	14.166540599999735	16.17750739999974	15.171299399999953	K	h	1
3	0	1	1	1	1	0.48759710788726807	left	0	1	1.5	17.19057100000009	18.19090419999975	18.683884600000056	19.68861519999973	20.6958982000001	K	h	1
4	1	1	1	0	1	1.7163728475570679	left	1	1	1.5	21.715669499999876	22.71598989999984	24.437810200000058	26.597237899999982	25.44252789999973	K	h	1
5	0	1	1	1	1	2.613926649093628	left	0	1	1.35	27.61513100000002	28.615295900000092	31.23472649999985	32.239490699999806	33.24586659999977	K	h	1
6	0	1	1	0	1	3.910034418106079	left	0	1	1.2	34.26688800000011	35.267297699999745	39.18271830000003	41.34197139999969	40.18746460000011	K	h	1
7	0	0	1	1	1	0.4642491936683655	left	0	0	1.2	42.36289469999974	43.36307390000002	43.832521299999826	44.8373517	45.84385769999972	K	h	1
8	0	0	0	0	0	0.3996317982673645	left	1	1	1.2	46.86006240000006	47.86051399999997	48.26748749999979	50.2796687	49.272176599999966	K	h	1
9	1	1	0	1	0	2.054415464401245	left	0	0	1.2	51.28721859999996	52.28793199999973	54.347712899999806	55.35248229999979	56.40825029999996	K	h	1
