Participant_ID	P11	Block Order	1	Date	2023-05-10-2313
Trialnumber	Winpos	Losspos	Side	Order	Choice	RT	Choiceside	Winchosen	LossChosen	TotalMoney	Fixonset	Choiceonset	Monitoronset	Winresonset	Lossresonset	stima	stimb	Blocknum
1	0	0	0	1	0	2.163578510284424	left	1	-1	1.65	0.5842435999948066	1.5848670999985188	3.7533003999997163	4.757798200007528	-1	i	o	1
2	0	0	1	1	0	0.8614423274993896	right	1	-1	1.8	5.781958100007614	6.782262199994875	7.648589000003994	8.652930700001889	-1	i	o	1
3	1	1	0	1	0	0.6354402899742126	left	0	-1	1.8	9.67389550000371	10.674668999999994	11.315274699998554	12.319663500005845	-1	i	o	1
4	1	1	1	1	0	1.08652925491333	right	0	-1	1.8	13.337539500003913	14.338346100004856	15.43152650000411	16.435852800001157	-1	i	o	1
5	1	1	1	1	0	1.0713586807250977	right	0	-1	1.8	17.45448889999534	18.455086100002518	19.531326900003478	20.53566989999672	-1	i	o	1
6	1	1	1	0	1	2.3826730251312256	left	-1	1	1.65	25.06570510000165	26.06670949999534	28.45443900000828	-1	29.458768199998303	c	G	2
7	1	1	1	0	0	0.7610663175582886	right	-1	0	1.65	30.481901699997252	31.48227300000144	32.24767409999913	-1	33.25207600000431	c	G	2
8	1	1	0	0	0	1.0888625383377075	left	-1	0	1.65	34.268941500005894	35.26946369999496	36.364829300000565	-1	37.369816399994306	c	G	2
9	1	1	1	0	0	1.4547953605651855	right	-1	0	1.65	38.38756750000175	39.38823440000124	40.84781659999862	-1	41.85236790000636	c	G	2
10	0	0	0	0	0	0.8392688035964966	left	-1	1	1.5	42.870025900003384	43.870464899999206	44.714297200000146	-1	45.718641400002525	c	G	2
11	1	1	1	1	0	0.9323930144309998	right	0	-1	1.5	55.78739339999447	56.78747239999939	57.72492649999913	58.7293689000071	-1	f	j	3
12	1	0	0	1	0	0.9526839256286621	left	0	-1	1.5	59.74053690000437	60.74124909999955	61.698465399997076	62.702648799997405	-1	f	j	3
13	1	1	0	1	0	0.5328149795532227	left	0	-1	1.5	63.74429329999839	64.74471169999742	65.28248330000497	66.28682510000363	-1	f	j	3
14	1	1	0	0	0	0.4833768904209137	left	-1	0	1.5	67.30416339999647	68.30475619999925	68.79356720000214	-1	69.7979159999959	f	j	3
15	1	1	1	0	1	0.643834114074707	left	-1	1	1.35	70.81490500000655	71.8158689999982	72.4645479000028	-1	73.46970610000426	f	j	3
16	0	1	1	0	1	0.6499034762382507	left	-1	1	1.2	74.49257050000597	75.49303450000298	76.14768670000194	-1	77.1520629000006	f	j	3
17	1	1	0	0	0	0.5509210824966431	left	-1	0	1.2	78.17460830000346	79.17480629999773	79.730209500005	-1	80.73448359999747	f	j	3
18	0	0	0	1	0	0.5588371753692627	left	1	-1	1.35	81.74957970000105	82.75008430000162	83.31382229999872	84.31775659999403	-1	f	j	3
19	0	0	1	1	1	0.7147747278213501	left	0	-1	1.35	85.32701720000478	86.32751590000407	87.04692140000407	88.05114340000728	-1	f	j	3
20	0	0	1	1	1	0.3083907961845398	left	0	-1	1.35	89.0668827000045	90.06720760000462	90.38048269999854	91.38471610000124	-1	f	j	3
21	0	0	0	1	0	0.0	left	1	-1	1.5	92.40250460000243	93.40297150000697	93.40814780000073	94.41236659999413	-1	f	j	3
22	1	1	0	0	0	0.4764713943004608	left	-1	0	1.5	95.43248859999585	96.43274030000612	96.91378149999946	-1	97.91829159999907	f	j	3
23	1	1	1	0	1	0.39790570735931396	left	-1	1	1.35	98.9274798999977	99.92831319999823	100.33100639999611	-1	101.33519589999923	f	j	3
24	1	1	0	0	0	2.2027840614318848	left	-1	0	1.35	102.35529219999444	103.35572920000413	105.56341420000535	-1	106.5677682999958	f	j	3
25	1	1	0	0	0	0.857460081577301	left	-1	0	1.35	107.58410520000325	108.5846831999952	109.44678539999586	-1	110.45114509999985	f	j	3
26	1	1	0	1	0	0.0	left	0	0	1.35	114.51473700000497	115.515078299999	115.51976110000396	116.5239900000015	117.53005050000502	e	K	4
27	0	1	0	0	0	9.079822540283203	left	1	0	1.5	118.54445719999785	119.54483600000094	128.62908450000396	130.63927539999713	129.63352479999594	e	K	4
28	0	1	1	1	1	3.8706858158111572	left	0	1	1.35	131.6521756000002	132.6525213999994	136.52895900000294	137.53334470000118	138.54050269999425	e	K	4
29	1	1	1	0	1	0.0	left	1	1	1.35	139.5591645999957	140.559405100008	140.56441550000454	142.57499209999514	141.56872670000303	e	K	4
30	0	1	1	1	1	2.1322288513183594	left	0	1	1.2	143.59051740000723	144.5912462999986	146.72912820000784	147.73338530000183	148.74083170000813	e	K	4
31	0	1	1	0	1	2.697357654571533	left	0	1	1.05	149.76048029999947	150.76120190000802	153.4631209000072	155.4752201000083	154.4674318000034	e	K	4
32	0	0	1	1	1	1.7946213483810425	left	0	0	1.05	156.4961506999971	157.49657760000264	159.29552620000322	160.29965869999432	161.30695399999968	e	K	4
33	0	0	0	0	0	0.5660241842269897	left	1	1	1.05	162.32413360000646	163.32460680000077	163.8952363999997	165.90499860000273	164.89943170000333	e	K	4
34	1	1	0	1	0	0.719572126865387	left	0	0	1.05	166.92055080000137	167.92120359999535	168.64520670000638	169.64941199999885	170.654961799999	e	K	4
35	0	1	1	0	1	2.0998446941375732	left	0	1	0.9	171.67309019999811	172.67365500000597	174.77837980000186	176.78828589999466	175.78262100000575	e	K	4
36	0	0	0	1	0	0.3947713077068329	left	1	1	0.9	180.3830267000012	181.3833799999993	181.783079300003	182.78712809999706	183.79433889999927	s	h	5
37	1	1	1	0	1	2.671738386154175	left	1	1	0.9	184.80138669999724	185.80211509999936	188.47834230000444	190.491740700003	189.4826163999969	s	h	5
38	1	1	0	1	0	2.332376480102539	left	0	0	0.9	191.50713949999772	192.50767410000844	194.84451609999815	195.84881520000636	196.85545889999776	s	h	5
39	0	0	1	0	1	1.1678762435913086	left	0	0	0.9	197.8741458000004	198.87224470000365	200.0447004000016	202.05430390000402	201.04886569999508	s	h	5
40	1	0	1	1	1	0.5852429270744324	left	1	0	1.05	203.07090340000286	204.07166879999568	204.6615926999948	205.66586690000258	206.6726500000077	s	h	5
41	0	0	0	0	0	0.5995205044746399	left	1	1	1.05	207.69266570000036	208.69281120000232	209.29685980000068	211.30696810000518	210.30129810000653	s	h	5
42	1	0	0	1	0	4.401610374450684	left	0	1	0.9	212.32366670000192	213.32448930000828	217.73126749999938	218.73556699999608	219.7419241000025	s	h	5
43	1	0	0	0	0	4.979367733001709	left	0	1	0.75	220.76000949999434	221.7602612000046	226.74432890000753	228.75428829999873	227.74870169999485	s	h	5
44	0	1	1	1	1	0.0	left	0	1	0.6	229.76477009999508	230.76537819999794	230.77077790000476	231.77513429999817	232.82441450000624	s	h	5
45	1	0	0	0	0	2.256040334701538	left	0	1	0.45	233.83409299999767	234.83434859999397	237.09493510000175	239.10929059999762	238.09934369999974	s	h	5
46	1	1	0	1	0	2.0630929470062256	left	0	0	0.45	242.22948100000212	243.2304495999997	245.29896030000236	246.30328320000262	247.3106981000019	y	F	6
47	1	0	1	0	1	4.162816047668457	left	1	0	0.6	248.32561509999505	249.32635519999894	253.4936524000077	255.50484429999779	254.49799319999875	y	F	6
48	1	0	1	1	1	0.7378441095352173	left	1	0	0.75	256.517520399997	257.517992699999	258.2611096000037	259.2656513999973	260.272180400003	y	F	6
49	1	1	0	0	0	1.0882720947265625	left	0	0	0.75	261.2815838999959	262.2837473999971	263.3770833000017	265.43476839999494	264.38165680000384	y	F	6
50	1	0	1	1	1	0.7165794968605042	left	1	0	0.9	266.5914223	267.5919098000013	268.313212699999	269.3178521999944	270.32425330000115	y	F	6
51	0	0	0	0	0	1.7172844409942627	left	1	1	0.9	271.33713400000124	272.3377913000004	274.06015829999524	276.0727520000073	275.06539950000297	y	F	6
52	0	1	0	1	0	2.1061480045318604	left	1	0	1.05	277.0810562999977	278.0816135000059	280.19343339999614	281.19879959999525	282.20589690000634	y	F	6
53	1	0	1	0	1	0.5077741742134094	left	1	0	1.2	283.2266579999996	284.2272871000023	284.74318580000545	286.7564369000029	285.7488965999946	y	F	6
54	1	1	0	1	0	2.3090028762817383	left	0	0	1.2	287.778060800003	288.7782789000048	291.0940416000085	292.099653199999	293.1077062999975	y	F	6
55	1	0	0	0	0	0.7274587750434875	left	0	1	1.05	294.1247155000019	295.12521969999943	295.85922339999524	297.87310749999597	296.86535639999784	y	F	6
﻿winpos	losspos	side	order	Choice_raw	Choiceside_raw	Losschosen_raw	RT_raw	Winchosen_raw
0	0	0	1	0.0	'left'	-1.0	2.163578510284424	1.0
0	0	1	1	0.0	'right'	-1.0	0.8614423274993896	1.0
1	1	0	1	0.0	'left'	-1.0	0.6354402899742126	0.0
1	1	1	1	0.0	'right'	-1.0	1.08652925491333	0.0
1	1	1	1	0.0	'right'	-1.0	1.0713586807250977	0.0
1	1	1	0	1.0	'left'	1.0	2.3826730251312256	-1.0
1	1	1	0	0.0	'right'	0.0	0.7610663175582886	-1.0
1	1	0	0	0.0	'left'	0.0	1.0888625383377075	-1.0
1	1	1	0	0.0	'right'	0.0	1.4547953605651855	-1.0
0	0	0	0	0.0	'left'	1.0	0.8392688035964966	-1.0
1	1	1	1	0.0	'right'	-1.0	0.9323930144309998	0.0
1	0	0	1	0.0	'left'	-1.0	0.9526839256286621	0.0
1	1	0	1	0.0	'left'	-1.0	0.5328149795532227	0.0
1	1	0	0	0.0	'left'	0.0	0.4833768904209137	-1.0
1	1	1	0	1.0	'left'	1.0	0.643834114074707	-1.0
0	1	1	0	1.0	'left'	1.0	0.6499034762382507	-1.0
1	1	0	0	0.0	'left'	0.0	0.5509210824966431	-1.0
0	0	0	1	0.0	'left'	-1.0	0.5588371753692627	1.0
0	0	1	1	1.0	'left'	-1.0	0.7147747278213501	0.0
0	0	1	1	1.0	'left'	-1.0	0.3083907961845398	0.0
0	0	0	1	0.0	'left'	-1.0	0.0	1.0
1	1	0	0	0.0	'left'	0.0	0.4764713943004608	-1.0
1	1	1	0	1.0	'left'	1.0	0.39790570735931396	-1.0
1	1	0	0	0.0	'left'	0.0	2.2027840614318848	-1.0
1	1	0	0	0.0	'left'	0.0	0.857460081577301	-1.0
1	1	0	1	0.0	'left'	0.0	0.0	0.0
0	1	0	0	0.0	'left'	0.0	9.079822540283203	1.0
0	1	1	1	1.0	'left'	1.0	3.8706858158111572	0.0
1	1	1	0	1.0	'left'	1.0	0.0	1.0
0	1	1	1	1.0	'left'	1.0	2.1322288513183594	0.0
0	1	1	0	1.0	'left'	1.0	2.697357654571533	0.0
0	0	1	1	1.0	'left'	0.0	1.7946213483810425	0.0
0	0	0	0	0.0	'left'	1.0	0.5660241842269897	1.0
1	1	0	1	0.0	'left'	0.0	0.719572126865387	0.0
0	1	1	0	1.0	'left'	1.0	2.0998446941375732	0.0
0	0	0	1	0.0	'left'	1.0	0.3947713077068329	1.0
1	1	1	0	1.0	'left'	1.0	2.671738386154175	1.0
1	1	0	1	0.0	'left'	0.0	2.332376480102539	0.0
0	0	1	0	1.0	'left'	0.0	1.1678762435913086	0.0
1	0	1	1	1.0	'left'	0.0	0.5852429270744324	1.0
0	0	0	0	0.0	'left'	1.0	0.5995205044746399	1.0
1	0	0	1	0.0	'left'	1.0	4.401610374450684	0.0
1	0	0	0	0.0	'left'	1.0	4.979367733001709	0.0
0	1	1	1	1.0	'left'	1.0	0.0	0.0
1	0	0	0	0.0	'left'	1.0	2.256040334701538	0.0
1	1	0	1	0.0	'left'	0.0	2.0630929470062256	0.0
1	0	1	0	1.0	'left'	0.0	4.162816047668457	1.0
1	0	1	1	1.0	'left'	0.0	0.7378441095352173	1.0
1	1	0	0	0.0	'left'	0.0	1.0882720947265625	0.0
1	0	1	1	1.0	'left'	0.0	0.7165794968605042	1.0
0	0	0	0	0.0	'left'	1.0	1.7172844409942627	1.0
0	1	0	1	0.0	'left'	0.0	2.1061480045318604	1.0
1	0	1	0	1.0	'left'	0.0	0.5077741742134094	1.0
1	1	0	1	0.0	'left'	0.0	2.3090028762817383	0.0
1	0	0	0	0.0	'left'	1.0	0.7274587750434875	0.0
