Participant_ID	P11	Block Order	1	Date	2023-05-11-0101
Trialnumber	Winpos	Losspos	Side	Order	Choice	RT	Choiceside	Winchosen	LossChosen	TotalMoney	Fixonset	Choiceonset	Monitoronset	Winresonset	Lossresonset	stima	stimb	Blocknum
1	0	0	0	1	0	2.3445894718170166	left	1	-1	1.65	0.5844109000026947	1.5855544000078226	3.9348323000012897	4.939474800004973	-1	y	j	1
2	0	0	1	1	1	0.4611477851867676	left	0	-1	1.65	5.959243999997852	6.959789700005786	7.426313700008905	8.43068520000088	-1	y	j	1
3	1	1	0	1	0	0.7252407073974609	left	0	-1	1.65	9.437450700002955	10.43793210000149	11.167982700004359	12.172455400010222	-1	y	j	1
4	1	1	1	1	1	0.3230634927749634	left	1	-1	1.8	13.189678299997468	14.190441300001112	14.517897500001709	15.522362100004102	-1	y	j	1
5	1	1	1	1	1	0.490275502204895	left	1	-1	1.95	16.59011659999669	17.58929970000463	18.083998800007976	19.088300000003073	-1	y	j	1
6	1	1	1	0	1	2.2852439880371094	left	-1	1	1.8	25.37230270000873	26.371990200001164	28.662346400000388	-1	29.66659960000834	f	o	2
7	1	1	1	0	0	0.9869651198387146	right	-1	0	1.8	30.69166860000405	31.692191800000728	32.684084799999255	-1	33.688254200009396	f	o	2
8	1	1	0	0	1	0.3779734969139099	right	-1	1	1.65	34.71901480000815	35.71963449999748	36.10321010000189	-1	37.10842040000716	f	o	2
9	1	1	1	0	1	0.6180434823036194	left	-1	1	1.5	38.12942749999638	39.12971760000801	39.75229600000603	-1	40.75656950000848	f	o	2
10	0	0	0	0	1	0.535933792591095	right	-1	0	1.5	41.77600979999988	42.77652569999918	43.31728750000184	-1	44.32156589999795	f	o	2
11	1	1	1	1	0	1.3485604524612427	right	0	-1	1.5	77.80193339999823	78.80296719999751	80.15625650000584	81.16023030001088	-1	i	G	3
12	1	0	0	1	0	0.5184898972511292	left	0	-1	1.5	82.17660160000378	83.17675929999677	83.69967060000636	84.70384899999772	-1	i	G	3
13	1	1	0	1	1	0.6962710022926331	right	1	-1	1.65	85.71901880000951	86.71947280000313	87.42009610000241	88.42499390000012	-1	i	G	3
14	1	1	0	0	0	0.5173866748809814	left	-1	0	1.65	89.44515410000167	90.445693200003	90.96813020000991	-1	91.97236830000475	i	G	3
15	1	1	1	0	0	2.3631093502044678	right	-1	0	1.65	92.97964900000079	93.98061670000607	96.34826280000561	-1	97.35259450000012	i	G	3
16	0	1	1	0	1	0.6867740750312805	left	-1	1	1.5	98.35908580000978	99.35973199999717	100.05111250000482	-1	101.05538040000829	i	G	3
17	1	1	0	0	1	0.7034754157066345	right	-1	1	1.35	102.07473920000484	103.07483800000045	103.78262550001091	-1	104.78704890000517	i	G	3
18	0	0	0	1	0	0.4628742039203644	left	1	-1	1.5	105.79830979999679	106.7988170000026	107.26602809999895	108.2704448000004	-1	i	G	3
19	0	0	1	1	0	1.9425818920135498	right	1	-1	1.65	109.28204720000213	110.28255990000616	112.232187600006	113.23626200000581	-1	i	G	3
20	0	0	1	1	1	1.2957028150558472	left	0	-1	1.65	114.43185010000889	115.43239840000751	116.73263980000047	117.73696449999989	-1	i	G	3
21	0	0	0	1	1	0.5508683919906616	right	0	-1	1.65	118.74266930000158	119.74349649999931	120.29909820000466	121.30342900000687	-1	i	G	3
22	1	1	0	0	0	0.7581548094749451	left	-1	0	1.65	122.31914370000595	123.3197574000078	124.0822235000087	-1	125.08666359999916	i	G	3
23	1	1	1	0	0	0.8325157761573792	right	-1	0	1.65	126.09526400000323	127.09541550000722	127.93236250001064	-1	128.93674420000752	i	G	3
24	1	1	0	0	1	0.4230456054210663	right	-1	1	1.5	129.95403819999774	130.95451650000177	131.38227670000924	-1	132.38643140000931	i	G	3
25	1	1	0	0	1	1.9673786163330078	right	-1	1	1.35	133.39651580000645	134.39684690001013	136.3687579999969	-1	137.37294159999874	i	G	3
26	1	1	0	1	1	2.1001744270324707	right	1	1	1.35	175.1822380000085	176.18270460001077	178.28845920000458	179.2945680999983	180.30017070000758	e	K	4
27	0	1	0	0	1	2.1935606002807617	right	0	1	1.2	181.31648790001054	182.31650220000301	184.5159866000031	186.71689330000663	185.52017740000156	e	K	4
28	0	1	1	1	0	5.748652458190918	right	1	0	1.35	187.74088660000416	188.7411829000048	194.4943709000072	195.49967600000673	196.67748980000033	e	K	4
29	1	1	1	0	0	0.0	right	0	0	1.35	197.69678650000424	198.6979016999976	198.70228470000438	200.7119745000091	199.70635279999988	e	K	4
30	0	1	1	1	0	0.0	right	1	0	1.5	201.7288094000105	202.72970120000537	202.73389899999893	203.73787379999703	204.74510600000212	e	K	4
31	0	1	1	0	0	0.0	right	1	0	1.65	205.7538663000014	206.75441020001017	206.7591334000026	208.76966950000497	207.76346440000634	e	K	4
32	0	0	1	1	0	0.23089049756526947	right	1	1	1.65	209.78809170000022	210.78825599999982	211.0238556999975	212.0281507000036	213.0659047000081	e	K	4
33	0	0	0	0	1	0.19037480652332306	right	0	0	1.65	214.118778700009	215.1195671000023	215.31452650000574	217.32457040000008	216.31905849999748	e	K	4
34	1	1	0	1	1	4.745027542114258	right	1	1	1.65	218.33072670000547	219.33108980000543	224.08057299999928	225.08580130001064	226.09447060000093	e	K	4
35	0	1	1	0	0	0.7314980030059814	right	1	0	1.8	227.1102183000039	228.1111901999975	228.84871620000922	230.8605777000048	229.8529169000103	e	K	4
36	0	0	0	1	1	11.242124557495117	right	0	0	1.8	254.6971920000069	255.69802740000887	266.946277199997	267.95091980000143	268.9568195000029	F	s	5
37	1	1	1	0	0	0.7814363241195679	right	0	0	1.8	269.9740974000015	270.97457849999773	271.76393230000394	273.7754688999994	272.76928439999756	F	s	5
38	1	1	0	1	1	2.300227642059326	right	1	1	1.8	274.7899000000034	275.7906401000073	278.09621160000097	279.100577899997	280.1070764000033	F	s	5
39	0	0	1	0	0	0.8924154043197632	right	1	1	1.8	281.11547540000174	282.1156425000081	283.01253649999853	285.022669900005	284.01702359999763	F	s	5
40	1	0	1	1	0	0.08545839786529541	right	0	1	1.65	286.0386609999987	287.0393047000107	287.12986510001065	288.13469380000606	289.1412063000025	F	s	5
41	0	0	0	0	1	0.0	right	0	0	1.65	290.15999820000434	291.1606867000082	291.1653992000065	293.17833619999874	292.16945190000115	F	s	5
42	1	0	0	1	1	0.0	right	1	0	1.8	294.1934307000047	295.19423330000427	295.1990763000067	296.20328660000814	297.2094133000064	F	s	5
43	1	0	0	0	1	0.0	right	1	0	1.95	298.21811260000686	299.21860020000895	299.22311010000703	301.2337033000076	300.2274378000002	F	s	5
44	0	1	1	1	0	2.2691586017608643	right	1	0	2.1	302.2558476999984	303.25499640000635	305.5289296999981	306.5346087000071	307.539952799998	F	s	5
45	1	0	0	0	1	0.5655266046524048	right	1	0	2.25	308.5584671000106	309.55858160000935	310.1285649000056	312.139471100003	311.13270880001073	F	s	5
46	1	1	0	1	1	2.7910919189453125	right	1	1	2.25	328.2470437000011	329.2475129000086	332.04331930000626	333.04811170000175	334.0536405000021	c	h	6
47	1	0	1	0	0	1.8852765560150146	right	0	1	2.1	335.0711200000078	336.0718487999984	337.9615404000069	339.9724966000067	338.9663154000009	c	h	6
48	1	0	1	1	0	0.23883439600467682	right	0	1	1.95	340.98434650000127	341.98473170000943	342.2280013999989	343.2324301000044	344.2379956000077	c	h	6
49	1	1	0	0	1	0.0	right	1	1	1.95	345.2469853000075	346.24744920000376	346.2518493000098	348.26112080000166	347.25570799999696	c	h	6
50	1	0	1	1	0	0.0	right	0	1	1.8	349.26645120000467	350.26703350000025	350.2715559000062	351.27565660000255	352.28295560000697	c	h	6
51	0	0	0	0	1	0.0	right	0	0	1.8	353.29171980000683	354.2920921000041	354.2965866000013	356.3075749999989	355.3005899999989	c	h	6
52	0	1	0	1	1	0.0	right	0	1	1.65	357.3133191000088	358.3142541999987	358.3189863000007	359.3228100999986	360.33098769999924	c	h	6
53	1	0	1	0	0	3.7482964992523193	right	0	1	1.5	361.3514947000076	362.3519939000107	366.10592180000094	368.1160382000089	367.11011960000906	c	h	6
54	1	1	0	1	1	0.5385171175003052	right	1	1	1.5	369.1343026999966	370.13469639999676	370.6779244000063	371.6824209000042	372.68789220000326	c	h	6
55	1	0	0	0	1	0.760895311832428	right	1	0	1.65	373.6946331000072	374.695558899999	375.46098340000026	377.47069139999803	376.4651262999978	c	h	6
﻿winpos	losspos	side	order	Choice_raw	Choiceside_raw	Losschosen_raw	RT_raw	Winchosen_raw
0	0	0	1	0.0	'left'	-1.0	2.3445894718170166	1.0
0	0	1	1	1.0	'left'	-1.0	0.4611477851867676	0.0
1	1	0	1	0.0	'left'	-1.0	0.7252407073974609	0.0
1	1	1	1	1.0	'left'	-1.0	0.3230634927749634	1.0
1	1	1	1	1.0	'left'	-1.0	0.490275502204895	1.0
1	1	1	0	1.0	'left'	1.0	2.2852439880371094	-1.0
1	1	1	0	0.0	'right'	0.0	0.9869651198387146	-1.0
1	1	0	0	1.0	'right'	1.0	0.3779734969139099	-1.0
1	1	1	0	1.0	'left'	1.0	0.6180434823036194	-1.0
0	0	0	0	1.0	'right'	0.0	0.535933792591095	-1.0
1	1	1	1	0.0	'right'	-1.0	1.3485604524612427	0.0
1	0	0	1	0.0	'left'	-1.0	0.5184898972511292	0.0
1	1	0	1	1.0	'right'	-1.0	0.6962710022926331	1.0
1	1	0	0	0.0	'left'	0.0	0.5173866748809814	-1.0
1	1	1	0	0.0	'right'	0.0	2.3631093502044678	-1.0
0	1	1	0	1.0	'left'	1.0	0.6867740750312805	-1.0
1	1	0	0	1.0	'right'	1.0	0.7034754157066345	-1.0
0	0	0	1	0.0	'left'	-1.0	0.4628742039203644	1.0
0	0	1	1	0.0	'right'	-1.0	1.9425818920135498	1.0
0	0	1	1	1.0	'left'	-1.0	1.2957028150558472	0.0
0	0	0	1	1.0	'right'	-1.0	0.5508683919906616	0.0
1	1	0	0	0.0	'left'	0.0	0.7581548094749451	-1.0
1	1	1	0	0.0	'right'	0.0	0.8325157761573792	-1.0
1	1	0	0	1.0	'right'	1.0	0.4230456054210663	-1.0
1	1	0	0	1.0	'right'	1.0	1.9673786163330078	-1.0
1	1	0	1	1.0	'right'	1.0	2.1001744270324707	1.0
0	1	0	0	1.0	'right'	1.0	2.1935606002807617	0.0
0	1	1	1	0.0	'right'	0.0	5.748652458190918	1.0
1	1	1	0	0.0	'right'	0.0	0.0	0.0
0	1	1	1	0.0	'right'	0.0	0.0	1.0
0	1	1	0	0.0	'right'	0.0	0.0	1.0
0	0	1	1	0.0	'right'	1.0	0.23089049756526947	1.0
0	0	0	0	1.0	'right'	0.0	0.19037480652332306	0.0
1	1	0	1	1.0	'right'	1.0	4.745027542114258	1.0
0	1	1	0	0.0	'right'	0.0	0.7314980030059814	1.0
0	0	0	1	1.0	'right'	0.0	11.242124557495117	0.0
1	1	1	0	0.0	'right'	0.0	0.7814363241195679	0.0
1	1	0	1	1.0	'right'	1.0	2.300227642059326	1.0
0	0	1	0	0.0	'right'	1.0	0.8924154043197632	1.0
1	0	1	1	0.0	'right'	1.0	0.08545839786529541	0.0
0	0	0	0	1.0	'right'	0.0	0.0	0.0
1	0	0	1	1.0	'right'	0.0	0.0	1.0
1	0	0	0	1.0	'right'	0.0	0.0	1.0
0	1	1	1	0.0	'right'	0.0	2.2691586017608643	1.0
1	0	0	0	1.0	'right'	0.0	0.5655266046524048	1.0
1	1	0	1	1.0	'right'	1.0	2.7910919189453125	1.0
1	0	1	0	0.0	'right'	1.0	1.8852765560150146	0.0
1	0	1	1	0.0	'right'	1.0	0.23883439600467682	0.0
1	1	0	0	1.0	'right'	1.0	0.0	1.0
1	0	1	1	0.0	'right'	1.0	0.0	0.0
0	0	0	0	1.0	'right'	0.0	0.0	0.0
0	1	0	1	1.0	'right'	1.0	0.0	0.0
1	0	1	0	0.0	'right'	1.0	3.7482964992523193	0.0
1	1	0	1	1.0	'right'	1.0	0.5385171175003052	1.0
1	0	0	0	1.0	'right'	0.0	0.760895311832428	1.0
