Participant_ID	P11	Block Order	1	Date	2023-05-09-1333
Trialnumber	Winpos	Losspos	Side	Order	Choice	RT	Choiceside	Winchosen	LossChosen	TotalMoney	Fixonset	Choiceonset	Monitoronset	Winresonset	Lossresonset	stima	stimb	Blocknum
1	0	0	0	1	0	1.577235460281372	left	1	-1	1.65	1.6925091999873985	2.6916578999953344	4.2740454000013415	5.278761599998688	-1	e	K	1
2	0	0	1	1	0	1.3339929580688477	right	1	-1	1.8	6.347739299992099	7.348044399986975	8.686752400011756	9.693313900002977	-1	e	K	1
3	1	1	0	1	0	1.3937170505523682	left	0	-1	1.8	10.95878570000059	11.9589999000018	13.357399300002726	14.36192850000225	-1	e	K	1
4	1	1	1	1	1	0.8164986968040466	left	1	-1	1.95	15.382363999990048	16.383332299999893	17.20536369999172	18.21058610000182	-1	e	K	1
5	1	1	1	1	1	0.9389284253120422	left	1	-1	2.1	19.46662620001007	20.466953800001647	21.410952700010967	22.416928999999072	-1	e	K	1
6	1	1	1	0	1	2.075615882873535	left	-1	1	1.95	28.475595600000815	29.476471600006334	31.562998799985508	-1	32.567802200006554	o	c	2
7	1	1	1	0	0	1.8129469156265259	right	-1	0	1.95	33.62229769999976	34.62232359999325	36.44050850000349	-1	37.44607060000999	o	c	2
8	1	1	0	0	0	0.580339789390564	left	-1	0	1.95	38.48914019999211	39.48931659999653	40.07436490000691	-1	41.07940580000286	o	c	2
9	1	1	1	0	1	1.4961235523223877	left	-1	1	1.8	42.12133699998958	43.121978599985596	44.62352719999035	-1	45.628160299995216	o	c	2
10	0	0	0	0	0	1.0389220714569092	left	-1	1	1.65	46.69707900000503	47.69720850000158	48.74096739999368	-1	49.74556609999854	o	c	2
11	1	1	1	1	0	1.147688865661621	right	0	-1	1.65	58.17930499999784	59.18115970000508	60.33448029999272	61.33933149999939	-1	F	y	3
12	1	0	0	1	1	0.5515612959861755	right	1	-1	1.8	62.34976879999158	63.35010519999196	63.90721070001018	64.91181660001166	-1	F	y	3
13	1	1	0	1	1	0.5698003768920898	right	1	-1	1.95	65.98089889998664	66.98096789998817	67.5560465999879	68.56098810001276	-1	F	y	3
14	1	1	0	0	1	0.49522069096565247	right	-1	1	1.8	69.57198680000147	70.57178609998664	71.07211000000825	-1	72.07678770000348	F	y	3
15	1	1	1	0	1	0.4432472884654999	left	-1	1	1.65	73.1221191000077	74.123265000002	74.57363820000319	-1	75.5782148000144	F	y	3
16	0	1	1	0	1	0.35411280393600464	left	-1	1	1.5	76.65167679998558	77.6463725999929	78.00513790000696	-1	79.0096831000119	F	y	3
17	1	1	0	0	1	1.5954258441925049	right	-1	1	1.35	80.05670869999449	81.05656150000868	82.65698369999882	-1	83.66157530000783	F	y	3
18	0	0	0	1	0	0.738081693649292	left	1	-1	1.5	84.71091180000803	85.71091359999264	86.47303510000347	87.47817119999672	-1	F	y	3
19	0	0	1	1	0	0.49204498529434204	right	1	-1	1.65	88.53064630000154	89.5272995000123	90.0241427999863	91.02958349999972	-1	F	y	3
20	0	0	1	1	0	0.6903905272483826	right	1	-1	1.8	92.07606550000492	93.07636060001096	93.77229510000325	94.776838699996	-1	F	y	3
21	0	0	0	1	0	0.5501435995101929	left	1	-1	1.95	95.8163954000047	96.81681250000838	97.37189459998626	98.37873389999731	-1	F	y	3
22	1	1	0	0	0	0.602502703666687	left	-1	0	1.95	99.4298787000007	100.43099120000261	101.03953619999811	-1	102.0445606999856	F	y	3
23	1	1	1	0	0	0.8684505820274353	right	-1	0	1.95	103.09903139999369	104.09826289999182	104.9717903000128	-1	105.97681839999859	F	y	3
24	1	1	0	0	0	0.4228883981704712	left	-1	0	1.95	107.04838530000416	108.04789369998616	108.4753064000106	-1	109.47990330000175	F	y	3
25	1	1	0	0	0	0.5409439206123352	left	-1	0	1.95	110.52552990001277	111.52571230000467	112.07256510001025	-1	113.07768139999826	F	y	3
26	1	1	0	1	1	0.8311336040496826	right	1	1	1.95	115.47525899999891	116.47559200000251	117.31223839998711	118.31708879998769	119.3266711999895	f	h	4
27	0	1	0	0	1	0.6700404286384583	right	0	1	1.8	120.34640129999025	121.3468290999881	122.0224695999932	124.0359199999948	123.02722739998717	f	h	4
28	0	1	1	1	0	0.5972681045532227	right	1	0	1.95	125.08418830001028	126.08455239998875	126.7047842000029	127.70928750000894	128.71572229999583	f	h	4
29	1	1	1	0	0	0.587866485118866	right	0	0	1.95	129.73067749998881	130.72895479999715	131.32168950000778	133.33524859999306	132.3262720000057	f	h	4
30	0	1	1	1	0	0.8756790161132812	right	1	0	2.1	134.3849060999928	135.38482519998797	136.28931600000942	137.295042200014	138.3028142999974	f	h	4
31	0	1	1	0	0	0.8428406715393066	right	1	0	2.25	139.3573359999864	140.35691100000986	141.206231499993	143.24794629999087	142.21376730001066	f	h	4
32	0	0	1	1	0	0.74980229139328	right	1	1	2.25	144.29691679999814	145.29511269999784	146.070744800003	147.07535289999214	148.0908913000021	f	h	4
33	0	0	0	0	0	0.7786388993263245	left	1	1	2.25	149.1377164000005	150.136920799996	150.9205565000011	152.9358413000009	151.92553010000847	f	h	4
34	1	1	0	1	0	0.46811380982398987	left	0	0	2.25	153.9812571000075	154.9804562999925	155.45390860000043	156.45847219999996	157.46813769999426	f	h	4
35	0	1	1	0	0	0.6016067266464233	right	1	0	2.4	158.5138319999969	159.51359310001135	160.12070289999247	162.13394579998567	161.1252424000122	f	h	4
36	0	0	0	1	0	3.46337628364563	left	1	1	2.4	164.54261490001227	165.5418129999889	169.03002400000696	170.03477090000524	171.04102450000937	b	G	5
37	1	1	1	0	0	1.162551999092102	right	0	0	2.4	172.0893791000126	173.08613420001348	174.25360389999696	176.2876796000055	175.25818800000707	b	G	5
38	1	1	0	1	0	0.5448951721191406	left	0	0	2.4	177.33658830000786	178.33700830000453	178.88685040001292	179.8925814999966	180.9013580000028	b	G	5
39	0	0	1	0	1	0.3873920142650604	left	0	0	2.4	181.909925999993	182.91176300001098	183.3039451999939	185.31847410000046	184.30915019998793	b	G	5
40	1	0	1	1	1	0.519859790802002	left	1	0	2.55	186.36180710000917	187.36238899998716	187.88719199999468	188.89190240000607	189.90055039999424	b	G	5
41	0	0	0	0	1	0.4740194082260132	right	0	0	2.55	190.95783130000927	191.95764229999622	192.43854150001425	194.44941430000472	193.4436030999932	b	G	5
42	1	0	0	1	1	1.5631612539291382	right	1	0	2.7	195.51822229998652	196.51854150000145	198.08639169999515	199.09145959999296	200.09961949998979	b	G	5
43	1	0	0	0	1	0.5992124080657959	right	1	0	2.85	201.14838570001302	202.14900919998763	202.75306220000493	204.76488649999374	203.75864680000814	b	G	5
44	0	1	1	1	1	0.5245928168296814	left	0	1	2.7	205.82180750000407	206.82412569998996	207.35420239999075	208.3608702000056	209.36975630000234	b	G	5
45	1	0	0	0	1	0.8148998022079468	right	1	0	2.85	210.38199689998874	211.38210640000761	212.202678200003	214.2187375999929	213.20720800000709	b	G	5
46	1	1	0	1	1	1.136197566986084	right	1	1	2.85	216.4711537999974	217.47089960001176	218.61220999999205	219.61721379999653	220.6261938000098	s	i	6
47	1	0	1	0	0	1.195127010345459	right	0	1	2.7	221.66903930000262	222.6695514000021	223.86923179999576	225.89030460000504	224.87378850000096	s	i	6
48	1	0	1	1	1	0.4890786111354828	left	1	0	2.85	226.94122169999173	227.94192849998944	228.43579170000157	229.4402357999934	230.44792420000886	s	i	6
49	1	1	0	0	1	0.7953804731369019	right	1	1	2.85	231.50319749998744	232.50197340000886	233.30234429999837	235.3298031000013	234.30687309999485	s	i	6
50	1	0	1	1	1	0.3579047918319702	left	1	0	3.0	236.37224719999358	237.37304629999562	237.7357294000103	238.74069649999728	239.74701180000557	s	i	6
51	0	0	0	0	1	0.7026631236076355	right	0	0	3.0	240.76060509998933	241.76137759999256	242.46868680001353	244.4846394000051	243.47322429998894	s	i	6
52	0	1	0	1	0	0.5131629109382629	left	1	0	3.15	245.53395790001377	246.53417190001346	247.0530570000119	248.05837179999799	249.06512559999828	s	i	6
53	1	0	1	0	0	0.8157370090484619	right	0	1	3.0	250.1143202999956	251.11530689999927	251.9357261999976	253.9526116999914	252.9404952999903	s	i	6
54	1	1	0	1	1	0.7109240889549255	right	1	1	3.0	254.99639720001142	255.99652519999654	256.73510499999975	257.74022489998606	258.7461914999876	s	i	6
55	1	0	0	0	1	3.3568427562713623	right	1	0	3.15	259.7894207999925	260.78933480000705	264.1508358999854	266.3835997999995	265.1556455999962	s	i	6
﻿winpos	losspos	side	order	Choice_raw	Choiceside_raw	Losschosen_raw	RT_raw	Winchosen_raw
0	0	0	1	0.0	'left'	-1.0	1.577235460281372	1.0
0	0	1	1	0.0	'right'	-1.0	1.3339929580688477	1.0
1	1	0	1	0.0	'left'	-1.0	1.3937170505523682	0.0
1	1	1	1	1.0	'left'	-1.0	0.8164986968040466	1.0
1	1	1	1	1.0	'left'	-1.0	0.9389284253120422	1.0
1	1	1	0	1.0	'left'	1.0	2.075615882873535	-1.0
1	1	1	0	0.0	'right'	0.0	1.8129469156265259	-1.0
1	1	0	0	0.0	'left'	0.0	0.580339789390564	-1.0
1	1	1	0	1.0	'left'	1.0	1.4961235523223877	-1.0
0	0	0	0	0.0	'left'	1.0	1.0389220714569092	-1.0
1	1	1	1	0.0	'right'	-1.0	1.147688865661621	0.0
1	0	0	1	1.0	'right'	-1.0	0.5515612959861755	1.0
1	1	0	1	1.0	'right'	-1.0	0.5698003768920898	1.0
1	1	0	0	1.0	'right'	1.0	0.49522069096565247	-1.0
1	1	1	0	1.0	'left'	1.0	0.4432472884654999	-1.0
0	1	1	0	1.0	'left'	1.0	0.35411280393600464	-1.0
1	1	0	0	1.0	'right'	1.0	1.5954258441925049	-1.0
0	0	0	1	0.0	'left'	-1.0	0.738081693649292	1.0
0	0	1	1	0.0	'right'	-1.0	0.49204498529434204	1.0
0	0	1	1	0.0	'right'	-1.0	0.6903905272483826	1.0
0	0	0	1	0.0	'left'	-1.0	0.5501435995101929	1.0
1	1	0	0	0.0	'left'	0.0	0.602502703666687	-1.0
1	1	1	0	0.0	'right'	0.0	0.8684505820274353	-1.0
1	1	0	0	0.0	'left'	0.0	0.4228883981704712	-1.0
1	1	0	0	0.0	'left'	0.0	0.5409439206123352	-1.0
1	1	0	1	1.0	'right'	1.0	0.8311336040496826	1.0
0	1	0	0	1.0	'right'	1.0	0.6700404286384583	0.0
0	1	1	1	0.0	'right'	0.0	0.5972681045532227	1.0
1	1	1	0	0.0	'right'	0.0	0.587866485118866	0.0
0	1	1	1	0.0	'right'	0.0	0.8756790161132812	1.0
0	1	1	0	0.0	'right'	0.0	0.8428406715393066	1.0
0	0	1	1	0.0	'right'	1.0	0.74980229139328	1.0
0	0	0	0	0.0	'left'	1.0	0.7786388993263245	1.0
1	1	0	1	0.0	'left'	0.0	0.46811380982398987	0.0
0	1	1	0	0.0	'right'	0.0	0.6016067266464233	1.0
0	0	0	1	0.0	'left'	1.0	3.46337628364563	1.0
1	1	1	0	0.0	'right'	0.0	1.162551999092102	0.0
1	1	0	1	0.0	'left'	0.0	0.5448951721191406	0.0
0	0	1	0	1.0	'left'	0.0	0.3873920142650604	0.0
1	0	1	1	1.0	'left'	0.0	0.519859790802002	1.0
0	0	0	0	1.0	'right'	0.0	0.4740194082260132	0.0
1	0	0	1	1.0	'right'	0.0	1.5631612539291382	1.0
1	0	0	0	1.0	'right'	0.0	0.5992124080657959	1.0
0	1	1	1	1.0	'left'	1.0	0.5245928168296814	0.0
1	0	0	0	1.0	'right'	0.0	0.8148998022079468	1.0
1	1	0	1	1.0	'right'	1.0	1.136197566986084	1.0
1	0	1	0	0.0	'right'	1.0	1.195127010345459	0.0
1	0	1	1	1.0	'left'	0.0	0.4890786111354828	1.0
1	1	0	0	1.0	'right'	1.0	0.7953804731369019	1.0
1	0	1	1	1.0	'left'	0.0	0.3579047918319702	1.0
0	0	0	0	1.0	'right'	0.0	0.7026631236076355	0.0
0	1	0	1	0.0	'left'	0.0	0.5131629109382629	1.0
1	0	1	0	0.0	'right'	1.0	0.8157370090484619	0.0
1	1	0	1	1.0	'right'	1.0	0.7109240889549255	1.0
1	0	0	0	1.0	'right'	0.0	3.3568427562713623	1.0
