Participant_ID	P00	Block Order	1	Date	2023-04-06
Trialnumber	Winpos	Losspos	Side	Order	Choice	RT	Choiceside	Winchosen	LossChosen	TotalMoney	Fixonset	Choiceonset	Monitoronset	Winresonset	Lossresonset	stima	stimb	Blocknum
1	1	1	0	1	0	0.4532257914543152	left	0	0	1.5	0.13075991699952283	1.1298323329992854	1.5914080829988961	2.5983366669988754	3.634599832999811	f	K	1
2	0	1	0	0	1	0.3363136351108551	right	0	1	1.35	4.642352457998641	5.642935083000339	5.988949167000101	8.004234041998643	6.995669791998807	f	K	1
3	0	1	1	1	1	1.495439887046814	left	0	1	1.2000000000000002	9.015007207999588	10.01653237499886	11.523891499999081	12.53627704199971	13.544843542000308	f	K	1
4	1	1	1	0	0	0.25687357783317566	right	0	0	1.2000000000000002	14.5568822919995	15.557274458000393	15.823207041999922	17.838486499998908	16.829752416999327	f	K	1
5	0	1	1	1	0	0.40607091784477234	right	1	0	1.35	18.846292500000345	19.84682220799914	20.264690832998895	21.271566457999143	22.29642587499984	f	K	1
6	0	1	1	0	1	0.03508329018950462	left	0	1	1.2000000000000002	23.30658695799866	24.307039541999984	24.35073724999893	26.366316749999896	25.356929916999434	f	K	1
7	0	0	1	1	0	0.5226582288742065	right	1	1	1.2000000000000002	27.37613145799878	28.37673058299879	28.90720549999969	29.913880124999196	30.923746624999694	f	K	1
8	0	0	0	0	0	0.22842571139335632	left	1	1	1.2000000000000002	31.931744083000012	32.93226337499982	33.16919087499991	35.183359917000416	34.17531891699946	f	K	1
9	1	1	0	1	1	0.14336557686328888	right	1	1	1.2000000000000002	36.19122654199964	37.1916574579991	37.34325391699895	38.34929199999897	39.357289416999265	f	K	1
10	0	1	1	0	1	0.041900623589754105	left	0	1	1.0500000000000003	40.365329332998954	41.36591229199985	41.41577329199936	43.42868516700037	42.42111887499959	f	K	1
11	1	1	0	1	0	0.25945213437080383	left	0	0	1.0500000000000003	48.05660962500042	49.0576995829997	49.3249956669988	50.33148066699869	51.34017129200038	h	F	2
12	1	0	1	0	0	0.0	right	0	1	0.9000000000000002	52.349403166999764	53.34947474999899	53.35773287499978	55.37324824999996	54.36404691699863	h	F	2
13	1	1	0	1	0	0.3347625434398651	left	0	0	0.9000000000000002	56.385404917000415	57.385944916999506	57.72827141699963	58.73503283299942	59.74316470799931	h	F	2
14	1	0	0	0	1	0.34238308668136597	right	1	0	1.0500000000000003	60.75125874999867	61.75182516699897	62.11542695800017	64.13105033299871	63.12196170799871	h	F	2
15	1	1	1	1	0	0.2741542458534241	right	0	0	1.0500000000000003	65.1433792079988	66.14402108299873	66.42698466699949	67.43431133299964	68.4430583329995	h	F	2
16	1	0	0	0	1	1.5557280778884888	right	1	0	1.2000000000000002	69.4514917079996	70.45226883299983	72.0164851669997	74.0334962500001	73.02523754199865	h	F	2
17	1	1	1	1	0	0.0	right	0	0	1.2000000000000002	75.0445960420002	76.04498737500035	76.05313116700017	77.05937149999954	78.06931449999865	h	F	2
18	1	0	0	0	1	0.45796236395835876	right	1	0	1.35	79.07725341699916	80.07766462499967	80.54436341699875	82.56083233299978	81.55097904199829	h	F	2
19	1	1	0	1	1	0.07176075130701065	right	1	1	1.35	83.57162554199931	84.5720559579986	84.65240337500109	85.65897933300039	86.6703687499994	h	F	2
20	1	0	0	0	0	0.10316462814807892	left	0	1	1.2000000000000002	87.67829904199789	88.67881537500034	88.79082370799915	90.80585987500126	89.7970267920009	h	F	2
21	1	1	0	1	0	0.2268797904253006	left	0	0	1.2000000000000002	93.7087981249988	94.70974120799838	94.94385479199809	95.94959233299778	96.95728083299946	G	i	3
22	1	1	1	0	0	0.24646374583244324	right	0	0	1.2000000000000002	97.96489437499804	98.96539845799816	99.21958720799921	101.23524287500004	100.22589979199802	G	i	3
23	0	1	1	1	1	0.17610642313957214	left	0	1	1.0500000000000003	102.24299062499813	103.24354708300052	103.42713504200037	104.43323316699934	105.4684040000011	G	i	3
24	1	1	1	0	1	0.2352575808763504	left	1	1	1.0500000000000003	106.48070020799969	107.4811907079984	107.72521858299842	109.73986920800053	108.73126787500041	G	i	3
25	0	1	1	1	0	0.7264026999473572	right	1	0	1.2000000000000002	110.7474436249995	111.74793666699952	112.48281124999812	113.4893163329998	114.49713674999839	G	i	3
26	1	1	0	0	0	0.2864823043346405	left	0	0	1.2000000000000002	115.50724124999942	116.50795479200133	116.80303224999989	118.81790733300113	117.8097526670008	G	i	3
27	0	1	1	1	0	0.37991732358932495	right	1	0	1.35	119.82592824999847	120.82671687500078	121.21416837499964	122.22104774999934	123.22937120800088	G	i	3
28	1	1	0	0	0	0.06002933531999588	left	0	0	1.35	124.24043945799895	125.24090224999782	125.30868812500012	127.32370462499784	126.31412283300051	G	i	3
29	0	1	1	1	1	0.2750254273414612	left	0	1	1.2000000000000002	128.3351626249987	129.33562791699842	129.6180222919993	130.62485733299945	131.6334779580011	G	i	3
30	1	1	1	0	0	0.29821979999542236	right	0	0	1.2000000000000002	132.64338579200012	133.64384362500095	133.95031995800127	135.9658409579988	134.95656616700035	G	i	3
﻿winpos	losspos	side	order	Choice_raw	Choiceside_raw	Losschosen_raw	RT_raw	Winchosen_raw
1	1	0	1	0.0	'left'	0.0	0.4532257914543152	0.0
0	1	0	0	1.0	'right'	1.0	0.3363136351108551	0.0
0	1	1	1	1.0	'left'	1.0	1.495439887046814	0.0
1	1	1	0	0.0	'right'	0.0	0.25687357783317566	0.0
0	1	1	1	0.0	'right'	0.0	0.40607091784477234	1.0
0	1	1	0	1.0	'left'	1.0	0.03508329018950462	0.0
0	0	1	1	0.0	'right'	1.0	0.5226582288742065	1.0
0	0	0	0	0.0	'left'	1.0	0.22842571139335632	1.0
1	1	0	1	1.0	'right'	1.0	0.14336557686328888	1.0
0	1	1	0	1.0	'left'	1.0	0.041900623589754105	0.0
1	1	0	1	0.0	'left'	0.0	0.25945213437080383	0.0
1	0	1	0	0.0	'right'	1.0	0.0	0.0
1	1	0	1	0.0	'left'	0.0	0.3347625434398651	0.0
1	0	0	0	1.0	'right'	0.0	0.34238308668136597	1.0
1	1	1	1	0.0	'right'	0.0	0.2741542458534241	0.0
1	0	0	0	1.0	'right'	0.0	1.5557280778884888	1.0
1	1	1	1	0.0	'right'	0.0	0.0	0.0
1	0	0	0	1.0	'right'	0.0	0.45796236395835876	1.0
1	1	0	1	1.0	'right'	1.0	0.07176075130701065	1.0
1	0	0	0	0.0	'left'	1.0	0.10316462814807892	0.0
1	1	0	1	0.0	'left'	0.0	0.2268797904253006	0.0
1	1	1	0	0.0	'right'	0.0	0.24646374583244324	0.0
0	1	1	1	1.0	'left'	1.0	0.17610642313957214	0.0
1	1	1	0	1.0	'left'	1.0	0.2352575808763504	1.0
0	1	1	1	0.0	'right'	0.0	0.7264026999473572	1.0
1	1	0	0	0.0	'left'	0.0	0.2864823043346405	0.0
0	1	1	1	0.0	'right'	0.0	0.37991732358932495	1.0
1	1	0	0	0.0	'left'	0.0	0.06002933531999588	0.0
0	1	1	1	1.0	'left'	1.0	0.2750254273414612	0.0
1	1	1	0	0.0	'right'	0.0	0.29821979999542236	0.0
