Participant_ID	P04	Block Order	1	Date	2023-04-13-1159
Trialnumber	Winpos	Losspos	Side	Order	Choice	RT	Choiceside	Winchosen	LossChosen	TotalMoney	Fixonset	Choiceonset	Monitoronset	Winresonset	Lossresonset	stima	stimb	Blocknum
1	1	1	0	1	0	0.0	left	0	0	1.5	0.5521921999998085	1.5526221000000078	1.5590606999994634	2.5648994999992283	3.57461929999954	G	f	1
2	0	1	0	0	1	0.23413440585136414	right	0	1	1.35	4.592278699999952	5.5925797999998395	5.83282220000001	7.8497842999995555	6.838661399999182	G	f	1
3	0	1	1	1	0	3.0279812812805176	right	1	0	1.5	8.88218659999984	9.882547499999419	12.916446399999586	13.921946799999205	14.949084399999265	G	f	1
4	1	1	1	0	1	1.6427702903747559	left	1	1	1.5	15.968622099999266	16.969623999999385	18.618536699999822	20.631827399999565	19.624193699999523	G	f	1
5	0	1	1	1	1	1.5770028829574585	left	0	1	1.35	21.64928659999987	22.64975669999967	24.232902399999148	25.23855689999982	26.245499099999506	G	f	1
6	0	1	1	0	0	53.14369583129883	right	1	0	1.5	27.265170399999988	28.265459099999134	81.4150695999997	83.4287618999997	82.4208706999998	G	f	1
7	0	0	1	1	1	1.6358492374420166	left	0	0	1.5	84.4476210999992	85.44791429999987	87.08953639999982	88.09521159999986	89.10367169999972	G	f	1
8	0	0	0	0	0	2.903118848800659	left	1	1	1.5	90.12128949999988	91.1217330999998	94.03126559999964	96.04441559999941	95.03694219999943	G	f	1
9	1	1	0	1	0	2.1116092205047607	left	0	0	1.5	97.06287179999981	98.06338249999953	100.18104089999997	101.24075859999994	102.25031139999919	G	f	1
10	0	1	1	0	1	1.390379786491394	left	0	1	1.35	103.26809259999936	104.2685763999998	105.6649983999996	107.6802003999992	106.67088349999995	G	f	1
11	1	1	0	1	1	2.410428047180176	right	1	1	1.35	110.41655489999994	111.41747329999998	113.83439649999946	114.84035659999972	115.84863929999938	i	b	2
12	1	0	1	0	0	0.7750213146209717	right	0	1	1.2	116.8656177999992	117.86609829999998	118.64753369999926	120.66010559999995	119.65296129999933	i	b	2
13	1	1	0	1	1	0.25655901432037354	right	1	1	1.2	121.6842289999995	122.6846117999994	122.9471853999994	123.9531662999998	124.96185649999916	i	b	2
14	1	0	0	0	1	0.9938409924507141	right	1	0	1.35	125.98039399999925	126.98060729999997	127.98067009999977	129.99385139999958	128.9864538999991	i	b	2
15	1	1	1	1	1	0.7099121809005737	left	1	1	1.35	131.0151294999996	132.0153408999995	132.73152519999985	133.73710439999923	134.88334979999945	i	b	2
16	1	0	0	0	0	1.7897720336914062	left	0	1	1.2	135.90118189999976	136.90139439999984	138.69723539999995	140.71085389999917	139.70290959999966	i	b	2
17	1	1	1	1	1	0.9777522087097168	left	1	1	1.2	141.72946459999912	142.72985789999984	143.71374269999978	144.71953349999967	145.72773959999995	i	b	2
18	1	0	0	0	0	0.7112870812416077	left	0	1	1.05	146.74594309999975	147.74638799999957	148.46355989999938	150.47634029999972	149.4692712999995	i	b	2
19	1	1	0	1	0	1.5587992668151855	left	0	0	1.05	151.49806809999973	152.49844869999924	154.0633941999995	155.06897489999938	156.0761623999997	i	b	2
20	1	0	0	0	0	0.9623457193374634	left	0	1	0.9	157.09513629999947	158.0954626999992	159.06389919999947	161.07710979999956	160.06984349999948	i	b	2
21	1	1	0	1	0	1.9699312448501587	left	0	0	0.9	164.1526785999995	165.15367499999957	167.1300530999997	168.13578699999925	169.14430019999963	o	F	3
22	1	1	1	0	1	0.16216829419136047	left	1	1	0.9	170.16172629999983	171.1620854999992	171.33088319999933	173.3446258999993	172.33664109999972	o	F	3
23	0	1	1	1	0	0.03660989925265312	right	1	0	1.05	174.3628466	175.36332909999965	175.54626349999944	176.5516874999994	177.55911129999913	o	F	3
24	1	1	1	0	0	0.6767017841339111	right	0	0	1.05	178.5804475999994	179.58045499999935	180.26316679999945	182.2773060999998	181.26924119999967	o	F	3
25	0	1	1	1	0	1.038633108139038	right	1	0	1.2	183.28442049999921	184.28495499999917	185.32956119999926	186.33518209999966	187.34315219999917	o	F	3
26	1	1	0	0	1	1.5754098892211914	right	1	1	1.2	188.36477789999935	189.36515559999953	190.94649159999972	192.95910109999932	191.95203439999932	o	F	3
27	0	1	1	1	0	2.8771753311157227	right	1	0	1.35	193.9783936999993	194.979335	197.86286369999925	198.8688429999993	199.8771853999997	o	F	3
28	1	1	0	0	1	3.7250020503997803	right	1	1	1.35	200.89772249999987	201.89789859999928	205.62957429999915	207.64251869999953	206.6352354999999	o	F	3
29	0	1	1	1	0	1.5786755084991455	right	1	0	1.5	208.66062519999923	209.66107329999977	211.2458999999999	212.251577	213.26036769999973	o	F	3
30	1	1	1	0	0	0.4678646922111511	right	0	0	1.5	214.27168379999966	215.27183249999962	215.7455156999995	217.7588642999999	216.75180719999935	o	F	3
﻿winpos	losspos	side	order	Choice_raw	Choiceside_raw	Losschosen_raw	RT_raw	Winchosen_raw
1	1	0	1	0.0	'left'	0.0	0.0	0.0
0	1	0	0	1.0	'right'	1.0	0.23413440585136414	0.0
0	1	1	1	0.0	'right'	0.0	3.0279812812805176	1.0
1	1	1	0	1.0	'left'	1.0	1.6427702903747559	1.0
0	1	1	1	1.0	'left'	1.0	1.5770028829574585	0.0
0	1	1	0	0.0	'right'	0.0	53.14369583129883	1.0
0	0	1	1	1.0	'left'	0.0	1.6358492374420166	0.0
0	0	0	0	0.0	'left'	1.0	2.903118848800659	1.0
1	1	0	1	0.0	'left'	0.0	2.1116092205047607	0.0
0	1	1	0	1.0	'left'	1.0	1.390379786491394	0.0
1	1	0	1	1.0	'right'	1.0	2.410428047180176	1.0
1	0	1	0	0.0	'right'	1.0	0.7750213146209717	0.0
1	1	0	1	1.0	'right'	1.0	0.25655901432037354	1.0
1	0	0	0	1.0	'right'	0.0	0.9938409924507141	1.0
1	1	1	1	1.0	'left'	1.0	0.7099121809005737	1.0
1	0	0	0	0.0	'left'	1.0	1.7897720336914062	0.0
1	1	1	1	1.0	'left'	1.0	0.9777522087097168	1.0
1	0	0	0	0.0	'left'	1.0	0.7112870812416077	0.0
1	1	0	1	0.0	'left'	0.0	1.5587992668151855	0.0
1	0	0	0	0.0	'left'	1.0	0.9623457193374634	0.0
1	1	0	1	0.0	'left'	0.0	1.9699312448501587	0.0
1	1	1	0	1.0	'left'	1.0	0.16216829419136047	1.0
0	1	1	1	0.0	'right'	0.0	0.03660989925265312	1.0
1	1	1	0	0.0	'right'	0.0	0.6767017841339111	0.0
0	1	1	1	0.0	'right'	0.0	1.038633108139038	1.0
1	1	0	0	1.0	'right'	1.0	1.5754098892211914	1.0
0	1	1	1	0.0	'right'	0.0	2.8771753311157227	1.0
1	1	0	0	1.0	'right'	1.0	3.7250020503997803	1.0
0	1	1	1	0.0	'right'	0.0	1.5786755084991455	1.0
1	1	1	0	0.0	'right'	0.0	0.4678646922111511	0.0
