Subject Num	0	Block Order	1	date	Apr_04_1759
Trialnumber	Winpos	Losspos	Side	Order	Choice	RT	Choiceside	Winchosen	LossChosen	TotalMoney	Fixonset	Choiceonset	Monitoronset	Winresonset	Lossresonset	stima	stimb	Blocknum
1	1	1	0	1	0	0.8742471933364868	left	0	0	1.5	0.1482037080131704	1.1464696250041015	2.02840420800203	3.0327769580035238	3.5386873750103405	G	F	1
2	0	1	0	0	0	0.0011332499561831355	left	1	0	1.65	4.045105958008207	5.045463958012988	5.053428208004334	6.569735750003019	6.063857166009257	G	F	1
3	0	1	0	1	0	0.284207284450531	left	1	0	1.7999999999999998	7.0875929160101805	8.088046625009156	8.382366416000878	9.385914000013145	9.891956791005214	G	F	1
4	1	1	0	0	0	0.24965378642082214	left	0	0	1.7999999999999998	10.40140358300414	11.40184625000984	11.656744875013828	13.166649916005554	12.661168916005408	G	F	1
5	0	1	1	1	1	0.40992653369903564	left	0	1	1.65	13.67228787500062	14.672723833005875	15.088180541002657	16.09259408300568	16.59918750000361	G	F	1
6	0	1	1	0	1	0.08244150131940842	left	0	1	1.5	17.105219791003037	18.10564183301176	18.193356750009116	19.701703416008968	19.196956916013733	G	F	1
7	0	0	1	1	1	0.0	left	0	0	1.5	20.208385916004772	21.20883670799958	21.214668500004336	22.23879320800188	22.74508754099952	G	F	1
8	0	0	1	0	1	0.3638574182987213	left	0	0	1.5	23.250040333005018	24.250542583002243	24.619234958008747	26.129254250001395	25.62346908300242	G	F	1
9	1	1	0	1	0	3.2903764247894287	left	0	0	1.5	26.634070750005776	27.634564708001562	30.92983287500101	31.93393729100353	32.43976012500934	G	F	1
10	0	1	0	0	0	11.141057968139648	left	1	0	1.65	32.94501754100202	33.94576579100976	45.092488000009325	46.60488366600475	46.09866154100746	G	F	1
11	0	1	0	1	0	11.600049018859863	left	1	0	1.7999999999999998	47.11295391600288	48.11332608301018	59.718283666006755	60.72375762500451	61.230063500013785	G	F	1
