Subject Num	1	Block Order	1	date	Apr_04_1502
Trialnumber	Winpos	Losspos	Side	Order	Choice	RT	Choiceside	Winchosen	LossChosen	TotalMoney	Fixonset	Choiceonset	Monitoronset	Winresonset	Lossresonset	stima	stimb	Blocknum
1	1	1	0	1	0	1.2944042682647705	left	0	0	1.5	0.1446155000012368	1.1438032920050318	2.4450646250043064	3.449951458002033	4.456794458004879	i	f	1
2	0	1	0	0	1	0.5947063565254211	right	0	1	1.35	5.4623654580063885	6.4629488330028835	7.063079542000196	9.073673667000548	8.067691083000682	i	f	1
3	0	1	1	1	1	1.5827516317367554	left	0	1	1.2000000000000002	10.0837528330012	11.08438845800265	12.674224250004045	13.679079125002318	14.685934458000702	i	f	1
4	1	1	1	0	1	0.6241483092308044	left	1	1	1.2000000000000002	15.694868833001237	16.69528341700061	17.324859792002826	19.334421125000517	18.328400500002317	i	f	1
5	0	1	1	1	1	0.8689296245574951	left	0	1	1.0500000000000003	20.339421625001705	21.339967500003695	22.213948667005752	23.21797491700272	24.223879750003107	i	f	1
6	0	1	1	0	0	0.38575461506843567	right	1	0	1.2000000000000002	25.23124083300354	26.231925625004806	26.623268458002713	28.632197417005955	27.626982667003176	i	f	1
7	0	0	1	1	0	0.32803308963775635	right	1	1	1.2000000000000002	29.639123625005595	30.64003154200327	30.973561375001736	31.977416042005643	32.98301987500599	i	f	1
8	0	0	0	0	1	0.1792958676815033	right	0	0	1.2000000000000002	33.98866095800622	34.98914529200556	35.17375916700257	37.18330825000157	36.177513542003	i	f	1
9	1	1	0	1	1	0.029363125562667847	right	1	1	1.2000000000000002	38.18854091700632	39.18945491700288	39.22422395800095	40.22792787500657	41.233181250005146	i	f	1
10	0	1	1	0	0	1.5007401704788208	right	1	0	1.35	42.23920458300563	43.23977637500502	44.745859292001114	46.756529292004416	45.75023220800358	i	f	1
11	0	1	0	1	1	0.3543400466442108	right	0	1	1.2000000000000002	47.764054917002795	48.76461716700578	49.12366416700388	50.127509208003175	51.132863917002396	i	f	1
12	0	1	1	0	0	1.078393816947937	right	1	0	1.35	52.14077133300452	53.141652167003485	54.225987417004944	56.23620908300654	55.23033625000244	i	f	1
13	0	1	0	1	1	1.0910619497299194	right	0	1	1.2000000000000002	57.243343292000645	58.24412487500376	59.34063416700519	60.34492837500147	61.3510475830044	i	f	1
14	0	1	0	0	0	0.3087632358074188	left	1	0	1.35	62.35832841700176	63.35978816700663	63.674534333003976	65.68480045800243	64.67856812500395	i	f	1
15	0	1	1	1	0	0.9407392740249634	right	1	0	1.5	66.69213533300353	67.69301037500554	68.63931050000247	69.6435177500025	70.6498993750065	i	f	1
16	0	1	0	0	1	0.3390005826950073	right	0	1	1.35	71.6567690830052	72.65720691699971	73.00123120799981	75.01388429200597	74.0061721250022	i	f	1
17	1	1	1	1	0	0.37160974740982056	right	0	0	1.35	76.02220533299987	77.02278320800542	77.40062233299977	78.40448358300637	79.4105620420014	i	f	1
18	1	0	0	0	1	0.0	right	1	0	1.5	80.41736116700486	81.41786608300026	81.42327674999979	83.44248204200267	82.43621695800539	i	f	1
19	1	1	0	1	1	0.16516399383544922	right	1	1	1.5	84.45106266700168	85.45154233300127	85.6219260420039	86.62533820800309	87.63085125000362	i	f	1
20	1	1	0	0	1	3.164106607437134	right	1	1	1.5	88.63650395800505	89.63702945800469	92.80552845800412	94.81553545800125	93.80994162500429	i	f	1
21	1	1	0	1	1	3.1021811962127686	right	1	1	1.5	95.82170016700547	96.82208166700002	99.9300189170026	100.93505266700231	101.94015316700097	i	f	1
22	1	1	1	0	0	0.62874436378479	right	0	0	1.5	102.94561120800063	103.9460447080055	104.58118412500335	106.59124154200254	105.58526787500159	i	f	1
23	1	0	1	1	0	0.4789302945137024	right	0	1	1.35	107.59642870800599	108.59699016700324	109.08134495800186	110.08515129200532	111.09171375000005	i	f	1
24	1	1	1	0	0	1.0618250370025635	right	0	0	1.35	112.09901208300289	113.09981883300497	114.16580379200605	116.17682912500459	115.1706058330019	i	f	1
25	1	0	1	1	1	1.8126728534698486	left	1	0	1.5	117.18287945799966	118.18383437500597	120.00225091700122	121.0067437079997	122.01340854199952	i	f	1
26	0	0	0	0	0	0.9374116063117981	left	1	1	1.5	123.02272525000444	124.02319812500355	124.96629941700667	126.9767792920029	125.97023629199975	i	f	1
27	1	0	1	1	0	0.6439005732536316	right	0	1	1.35	127.98335437500646	128.98389754200616	129.63222600000154	130.63726933300495	131.64347379200626	i	f	1
28	1	0	0	0	0	0.32506799697875977	left	0	1	1.2000000000000002	132.65063600000576	133.65131700000347	133.9818418750001	135.99305266699957	134.98666650000087	i	f	1
29	1	0	1	1	1	0.3693597614765167	left	1	0	1.35	137.0010032920036	138.001805083004	138.37553845799994	139.37908262500423	140.38486929200008	i	f	1
30	0	0	1	0	1	0.4939343333244324	left	0	0	1.35	141.39186045800307	142.39240625000093	142.89207487500244	144.902412250005	143.8963185419998	i	f	1
31	1	1	0	1	0	0.5684619545936584	left	0	0	1.35	145.90749170799972	146.9088184170032	147.4827898750009	148.48778400000447	149.49389641699963	i	f	1
32	1	0	1	0	1	0.3007866144180298	left	1	0	1.5	150.49910616700072	151.50005633300316	151.8054185420042	153.816363542006	152.809971667004	i	f	1
33	1	0	1	1	1	0.30990657210350037	left	1	0	1.65	154.8236769580035	155.82417366700247	156.13908625000477	157.14336233300128	158.15088904200093	i	f	1
34	0	1	0	0	0	0.27379322052001953	left	1	0	1.7999999999999998	159.15963762500178	160.16045995800232	160.43919304200244	162.45037929200043	161.44364450000285	i	f	1
35	0	0	0	1	0	0.0	left	1	1	1.7999999999999998	163.4597370420015	164.46027604200208	164.46609533300216	165.4741445000036	166.48291916699964	i	f	1
36	0	0	1	0	1	0.0	left	0	0	1.7999999999999998	167.48939966699982	168.49021783300122	168.49738304200582	170.50902820800547	169.50140654200368	i	f	1
37	1	0	1	1	1	0.03296241536736488	left	1	0	1.9499999999999997	171.51432070800365	172.5149585420004	172.5557181250042	173.55935412500548	174.56692958300118	i	f	1
38	0	0	1	0	1	0.0	left	0	0	1.9499999999999997	175.5753721670044	176.5762429170063	176.58436179200362	178.59742804200505	177.58952679200593	i	f	1
39	0	1	1	1	1	0.0	left	0	1	1.7999999999999998	179.60302450000017	180.60353579200455	180.61098137500085	181.6215682080001	182.63060195800063	i	f	1
40	0	0	1	0	1	0.0	left	0	0	1.7999999999999998	183.63942654200218	184.64018200000282	184.64662775000033	186.66304033300548	185.6541734170023	i	f	1
41	0	0	0	1	0	0.09653574973344803	left	1	1	1.7999999999999998	187.66871737500333	188.6692104169997	188.7724589999998	189.7760943750036	190.78480704200047	i	f	1
42	0	0	0	0	0	1.9756745100021362	left	1	1	1.7999999999999998	191.79155908300163	192.79259158300556	194.77386591700633	196.78852787500364	195.78008929200587	i	f	1
43	0	0	0	1	0	0.0	left	1	1	1.7999999999999998	197.79572600000392	198.79649166700256	198.80375912500313	199.80908608300524	200.8170376670023	i	f	1
44	0	0	1	0	1	0.0	left	0	0	1.7999999999999998	201.82355445800204	202.82392929200432	202.8313662080036	204.84484237500146	203.83582829200168	i	f	1
45	0	0	0	1	0	0.1419811248779297	left	1	1	1.7999999999999998	205.85155629200017	206.85201170800428	207.0019358330028	208.00531295800465	209.01281975000165	i	f	1
46	0	0	1	0	1	0.4489485025405884	left	0	0	1.7999999999999998	210.01899029200285	211.01959954199992	211.47631537500274	213.48803483300435	212.48037270799978	i	f	1
47	0	0	0	1	0	0.09563062340021133	left	1	1	1.7999999999999998	214.49486266700114	215.49573262500053	215.5986154580023	216.60308129199984	217.63016100000095	i	f	1
48	0	0	1	0	1	0.06459125131368637	left	0	0	1.7999999999999998	218.63590308300627	219.6367172080063	219.708775375002	221.72086000000127	220.71299637500488	i	f	1
49	0	1	0	1	0	0.0	left	1	0	1.9499999999999997	222.73089133300527	223.7316155830049	223.73872312500316	224.74394762500015	225.75400483300473	i	f	1
50	1	0	0	0	0	0.09287533164024353	left	0	1	1.7999999999999998	226.7679265830011	227.76872708300652	227.8682576670035	229.88001337500464	228.87174033300107	i	f	1
51	0	1	1	1	1	0.049112457782030106	left	0	1	1.65	230.89084000000003	231.89207812500536	231.94882762500492	232.95257683300588	233.9606732500033	i	f	1
52	0	0	0	0	0	0.45569363236427307	left	1	1	1.65	234.96912866700586	235.96977141700336	236.43390041700331	238.44650262500363	237.43775395800185	i	f	1
53	1	1	1	1	1	0.09855291992425919	left	1	1	1.65	239.45233250000456	240.45289100000082	240.55898279200483	241.56355895800516	242.57180633300595	i	f	1
54	0	1	1	0	1	0.14064458012580872	left	0	1	1.5	243.57844712500082	244.57962466699973	244.72898945800262	246.7426938330027	245.73293079200084	i	f	1
55	0	1	0	1	0	0.09409208595752716	left	1	0	1.65	247.75311250000232	248.75351766700624	248.85497374999977	249.85945479200018	250.86826512500556	i	f	1
56	0	1	1	0	1	0.018915874883532524	left	0	1	1.5	251.87589508300152	252.87699170800624	252.90364537500136	254.91580375000194	253.90778262499953	i	f	1
57	1	1	1	1	1	0.0	left	1	1	1.5	255.92403754200495	256.92461045800155	256.93127116700634	257.9398855420004	258.9480713330049	i	f	1
58	1	1	1	0	1	0.11844278872013092	left	1	1	1.5	259.9546780000019	260.9552473750009	261.0799226250019	263.0911457080001	262.08341950000613	i	f	1
59	1	1	0	1	0	0.11432749778032303	left	0	0	1.5	264.09604875000514	265.0969802920008	265.2191787920019	266.22329850000096	267.23208420800074	i	f	1
60	1	1	0	0	0	0.0	left	0	0	1.5	268.238902875004	269.2395789170041	269.2465239170051	271.25962558299943	270.250583208006	i	f	1
61	1	1	1	1	1	0.135667085647583	left	1	1	1.5	272.26589625000634	273.2662994170023	273.4095965420056	274.41314629200497	275.421781750003	i	f	1
62	0	1	0	0	0	0.08132366836071014	left	1	0	1.65	276.42891995800164	277.4294091250049	277.5185885000028	279.53201941700536	278.52358137500414	i	f	1
63	1	1	1	1	1	0.03604266420006752	left	1	1	1.65	280.54077854200295	281.5412304170022	281.58351275000314	282.5872182500025	283.59489650000614	i	f	1
64	1	1	1	0	1	0.04075687378644943	left	1	1	1.65	284.6005120830014	285.6010778330019	285.64877041699947	287.65967966700555	286.6518525420033	i	f	1
65	1	0	0	1	0	0.057904500514268875	left	0	1	1.5	288.6651353330017	289.6655527500043	289.72940787500556	290.7329618330041	291.74048200000107	i	f	1
66	0	0	1	0	1	0.06838437169790268	left	0	0	1.5	292.7486839170015	293.7493287920006	293.8241648330004	295.8363681250048	294.82830912500503	i	f	1
67	1	0	0	1	0	0.0	left	0	1	1.35	296.8427785830063	297.84340395800245	297.85169862500334	298.8598983330012	299.8678312500051	i	f	1
68	1	0	1	0	1	0.11709995567798615	left	1	0	1.5	300.8749412920006	301.8757804580018	301.99981358300283	304.0101477080025	303.00341650000337	i	f	1
69	1	0	0	1	0	0.023476457223296165	left	0	1	1.35	305.01808041700133	306.0185396250017	306.04963300000236	307.05302925000433	308.0601249579995	i	f	1
70	1	0	1	0	1	0.12643636763095856	left	1	0	1.5	309.0674759169997	310.0686749170054	310.2046537920032	312.2165466670049	311.2083220830027	i	f	1
71	1	0	0	1	0	0.05124187469482422	left	0	1	1.35	313.2258314580031	314.2265759580041	314.2855070000005	315.2891921670016	316.2976776249998	i	f	1
72	1	1	0	0	0	0.0	left	0	0	1.35	317.3054237500037	318.3059582920032	318.3127415830022	320.33271466700535	319.3242451670012	i	f	1
73	1	0	0	1	0	0.0	left	0	1	1.2000000000000002	321.3388205420051	322.3392367080014	322.3457147080044	323.35711545800586	324.36561570800404	i	f	1
74	0	0	1	0	1	0.43170687556266785	left	0	0	1.2000000000000002	325.3734955830005	326.37382445800176	326.8114633330042	328.8263747500023	327.81636933300615	i	f	1
75	0	0	0	1	0	0.08104720711708069	left	1	1	1.2000000000000002	329.83157425000536	330.83234112500213	330.9203979580052	331.9237253750034	332.9312217500046	i	f	1
76	1	0	0	0	0	0.0	left	0	1	1.0500000000000003	333.93675020800583	334.93787000000157	334.9444693750047	336.9658039999995	335.95705708300375	i	f	1
77	1	0	1	1	1	0.1284559965133667	left	1	0	1.2000000000000002	337.97444841700053	338.9752177920018	339.10984250000183	340.11350475000654	341.12172191700665	i	f	1
78	1	1	0	0	0	0.0	left	0	0	1.2000000000000002	342.1299559580002	343.130729125005	343.1376149580028	345.15142066700355	344.1431945830045	i	f	1
79	1	0	0	1	0	0.016427375376224518	left	0	1	1.0500000000000003	346.15774470800534	347.1583214170023	347.1802559580028	348.1838287499995	349.19252454200614	i	f	1
80	0	1	0	0	0	1.0456457138061523	left	1	0	1.2000000000000002	350.20043400000577	351.20109516700177	352.25190554200526	354.2633379580002	353.25661145800404	i	f	1
81	0	0	0	1	0	0.8658145070075989	left	1	1	1.2000000000000002	361.6574798330039	362.6612724170045	363.53248358300334	364.5367072920053	365.5442806670035	a	h	2
82	1	1	1	0	1	0.5037367343902588	left	1	1	1.2000000000000002	366.5504721250036	367.55106745800003	368.06040029200085	370.0711731670017	369.0646990830064	a	h	2
83	1	1	0	1	0	0.0	left	0	0	1.2000000000000002	371.07728379200125	372.07786016700265	372.08809387500514	373.09754404200066	374.1068796670006	a	h	2
84	0	0	1	0	1	0.11584091931581497	left	0	0	1.2000000000000002	375.1133413330026	376.11419891700643	376.2371047500055	378.24785637500463	377.2409684580052	a	h	2
85	1	0	1	1	1	0.0	left	1	0	1.35	379.2532635830066	380.25375129200256	380.2600087500032	381.2654305000033	382.27283829200314	a	h	2
86	0	0	0	0	1	0.7642036080360413	right	0	0	1.35	383.2870942080044	384.2879318750056	385.05921254200075	387.0710681670025	386.06409479200374	a	h	2
87	1	0	0	1	0	0.20526374876499176	left	0	1	1.2000000000000002	388.07717662500363	389.07774891699955	389.28851287500584	390.2920559580016	391.2983179580042	a	h	2
88	1	0	0	0	1	1.9471960067749023	right	1	0	1.35	392.30758129199967	393.30808279200573	395.2590837919997	397.27025108300586	396.26380695800617	a	h	2
89	0	1	1	1	1	0.18891429901123047	left	0	1	1.2000000000000002	398.2779174580064	399.2783588750026	399.4723014580013	400.4761453750034	401.4829673750064	a	h	2
90	1	0	0	0	0	0.1908770054578781	left	0	1	1.0500000000000003	402.4909540420049	403.49149525000394	403.6873654170049	405.69744245800393	404.69108637500176	a	h	2
91	0	0	1	1	1	0.18908053636550903	left	0	0	1.0500000000000003	406.7058046670063	407.70663450000575	407.90118508300657	408.90516291700624	409.9115944170044	a	h	2
92	0	0	1	0	1	0.20824028551578522	left	0	0	1.0500000000000003	410.9173887500001	411.9183178750027	412.13140041700535	414.1406720830055	413.13510079200205	a	h	2
93	1	0	0	1	0	0.7495888471603394	left	0	1	0.9000000000000002	415.14652929200383	416.14748258300096	416.9025082500011	417.90686470800574	418.91344575000403	a	h	2
94	1	0	0	0	0	0.14312075078487396	left	0	1	0.7500000000000002	419.9221936670001	420.9227459579997	421.07161504200485	423.08123116700153	422.0756965000037	a	h	2
95	0	0	1	1	1	0.0	left	0	0	0.7500000000000002	424.09400983300293	425.0946434170037	425.0990227500006	426.10973537500104	427.11618166700646	a	h	2
96	1	0	1	0	1	0.32779884338378906	left	1	0	0.9000000000000002	428.1239732500035	429.1243729580019	429.4570637500001	431.46901283300394	430.4611676670029	a	h	2
97	1	1	0	1	1	0.8179042935371399	right	1	1	0.9000000000000002	432.4788484580058	433.47931704200164	434.3021539580004	435.30630566699983	436.31324570800643	a	h	2
98	0	1	1	0	1	1.0328744649887085	left	0	1	0.7500000000000002	437.3195903330052	438.31989145800617	439.35856637500547	441.50838287500665	440.3642952920054	a	h	2
