Subject Num	1	Block Order	1	date	Apr_04_1702
Trialnumber	Winpos	Losspos	Side	Order	Choice	RT	Choiceside	Winchosen	LossChosen	TotalMoney	Fixonset	Choiceonset	Monitoronset	Winresonset	Lossresonset	stima	stimb	Blocknum
1	1	1	0	1	0	1.3436015844345093	left	0	0	1.5	0.12737087499408517	1.126502500002971	2.478061458998127	3.4832148339919513	3.9892266249953536	K	i	1
2	0	1	0	0	1	0.5880116820335388	right	0	1	1.35	4.495202249992872	5.495863374992041	6.090074791994994	7.606286041991552	7.098710459002177	K	i	1
3	0	1	1	1	1	0.23734687268733978	left	0	1	1.2000000000000002	8.11588633399515	9.116935833997559	9.36060237500351	10.364906249989872	10.871383291989332	K	i	1
4	1	1	1	0	1	5.2181501388549805	left	1	1	1.2000000000000002	11.385463500002516	12.386106916994322	17.61946433399862	19.130297916999552	18.624539374999586	K	i	1
5	0	1	1	1	1	0.5562626123428345	left	0	1	1.0500000000000003	19.634682374991826	20.63522737499443	21.196192959003383	22.200743124994915	22.707008124998538	K	i	1
6	0	1	1	0	0	1.4345364570617676	right	1	0	1.2000000000000002	23.214237416992546	24.2146806249948	25.654519499992603	27.166453541998635	26.660571125001297	K	i	1
7	0	0	1	1	1	0.0	left	0	0	1.2000000000000002	27.67409395899449	28.674655875001918	28.67995120899286	29.692389709001873	30.19811587499862	K	i	1
8	0	0	0	0	0	0.10419666767120361	left	1	1	1.2000000000000002	30.703794792003464	31.704700083995704	31.81605233399023	33.324263167000026	32.819683624999016	K	i	1
9	1	1	0	1	0	55.594581604003906	left	0	0	1.2000000000000002	33.82909616699908	34.830000333997305	90.43321449999348	91.46227845900285	91.97073512499628	K	i	1
10	0	1	1	0	1	0.32240742444992065	left	0	1	1.0500000000000003	92.47542870898906	93.47595379198901	93.80497695899976	95.31510420900304	94.80954804200155	K	i	1
11	0	1	0	1	0	0.39470595121383667	left	1	0	1.2000000000000002	95.82298533400171	96.82374533399707	97.22498608399474	98.2298343339935	98.73569633399893	K	i	1
12	0	1	1	0	0	0.3050045371055603	right	1	0	1.35	99.24279895899235	100.24358387499524	100.55502879199048	102.0661101250007	101.55980054200336	K	i	1
13	0	1	0	1	0	0.05865166708827019	left	1	0	1.5	102.57154970899865	103.57277870899998	103.63923233399692	104.64274283399573	105.14787558399257	K	i	1
14	0	1	0	0	1	3.818100929260254	right	0	1	1.35	105.65328479200252	106.65417495899601	110.47807949999697	111.99109941699135	111.4845150839974	K	i	1
15	0	1	1	1	0	11.506709098815918	right	1	0	1.5	112.50009899999714	113.50088779198995	125.01376545899257	126.01930466700287	126.52587408399268	K	i	1
16	0	1	0	0	1	3.3753204345703125	right	0	1	1.35	127.03249616699759	128.0332408749964	131.41397083399352	132.92537654199987	132.41897795899422	K	i	1
17	1	1	1	1	0	0.19610321521759033	right	0	0	1.35	133.43254854199768	134.433350124993	134.63444954199076	135.63801095899544	136.1429333749984	K	i	1
18	1	0	0	0	1	0.20845350623130798	right	1	0	1.5	136.64771591700264	137.64874833400245	137.8625874999998	139.3711521669902	138.8659929169953	K	i	1
19	1	1	0	1	0	0.3040526807308197	left	0	0	1.5	139.8781965419912	140.88022591698973	141.19053062499734	142.1941488750017	142.6994118339935	K	i	1
20	1	1	0	0	1	0.23162482678890228	right	1	1	1.5	143.2038166669954	144.2046589590027	144.44147437499487	145.95066020899685	145.44582583400188	K	i	1
21	1	1	0	1	0	0.7491320967674255	left	0	0	1.5	146.45524966699304	147.4562374590023	148.21131266700104	149.21484899999632	149.72158279200085	K	i	1
22	1	1	1	0	0	0.0	right	0	0	1.5	150.226786291998	151.22739749999892	151.23343279199617	152.75171304200194	152.2457924170012	K	i	1
23	1	0	1	1	0	0.0004389160021673888	right	0	1	1.35	153.25606637499004	154.2567810420005	154.2638776669919	155.27818837499944	155.78391395899234	K	i	1
24	1	1	1	0	1	0.3391031324863434	left	1	1	1.35	156.29199037500075	157.2922798340005	157.63796562499192	159.14905399999407	158.64182262499526	K	i	1
25	1	0	1	1	1	6.1155805587768555	left	1	0	1.5	159.65303029200004	160.65417641699605	166.7753453339974	167.78163650000351	168.30458674998954	K	i	1
